         205
   330000.00000000000        7430500.0000000000       -1.0000000000000000        2.1947514301447240E-006 
   330000.00000000000        7431000.0000000000       -1.0000000000000000        2.2509881523168220E-006 
   330000.00000000000        7431500.0000000000       -1.0000000000000000        2.2419189242424116E-006 
   330000.00000000000        7432000.0000000000       -1.0000000000000000        2.2070443517448527E-006 
   330000.00000000000        7432500.0000000000       -1.0000000000000000        2.1233543854001281E-006 
   330500.00000000000        7430500.0000000000       -1.0000000000000000        4.0880035915003801E-006 
   330500.00000000000        7431000.0000000000       -1.0000000000000000        4.1286468106090048E-006 
   330500.00000000000        7431500.0000000000       -1.0000000000000000        4.1253032364918030E-006 
   330500.00000000000        7432000.0000000000       -1.0000000000000000        4.1009366366025381E-006 
   330500.00000000000        7432500.0000000000       -1.0000000000000000        4.0151257791871362E-006 
   331000.00000000000        7430500.0000000000       -1.0000000000000000        6.1743669572473836E-006 
   331000.00000000000        7431000.0000000000       -1.0000000000000000        6.2083516301759641E-006 
   331000.00000000000        7431500.0000000000       -1.0000000000000000        6.2343454404709413E-006 
   331000.00000000000        7432000.0000000000       -1.0000000000000000        6.1670840738990305E-006 
   331000.00000000000        7432500.0000000000       -1.0000000000000000        6.1031593579704424E-006 
   331500.00000000000        7430500.0000000000       -1.0000000000000000        8.4937885664713731E-006 
   331500.00000000000        7431000.0000000000       -1.0000000000000000        8.5364520162205698E-006 
   331500.00000000000        7431500.0000000000       -1.0000000000000000        8.5272367268770686E-006 
   331500.00000000000        7432000.0000000000       -1.0000000000000000        8.5019459866259663E-006 
   331500.00000000000        7432500.0000000000       -1.0000000000000000        8.4088324906636492E-006 
   332000.00000000000        7430500.0000000000       -1.0000000000000000        1.1071073863218943E-005 
   332000.00000000000        7431000.0000000000       -1.0000000000000000        1.1121865313801939E-005 
   332000.00000000000        7431500.0000000000       -1.0000000000000000        1.1120276565804683E-005 
   332000.00000000000        7432000.0000000000       -1.0000000000000000        1.1074683371562391E-005 
   332000.00000000000        7432500.0000000000       -1.0000000000000000        1.0985372681716329E-005 
   332500.00000000000        7430500.0000000000       -1.0000000000000000        1.3959296453143832E-005 
   332500.00000000000        7431000.0000000000       -1.0000000000000000        1.3995637532735646E-005 
   332500.00000000000        7431500.0000000000       -1.0000000000000000        1.3986748505202099E-005 
   332500.00000000000        7432000.0000000000       -1.0000000000000000        1.3951682199517677E-005 
   332500.00000000000        7432500.0000000000       -1.0000000000000000        1.3866362760956046E-005 
   333000.00000000000        7430500.0000000000       -1.0000000000000000        1.7183770895360244E-005 
   333000.00000000000        7431000.0000000000       -1.0000000000000000        1.7220994009441341E-005 
   333000.00000000000        7431500.0000000000       -1.0000000000000000        1.7209506407545893E-005 
   333000.00000000000        7432000.0000000000       -1.0000000000000000        1.7170151500592690E-005 
   333000.00000000000        7432500.0000000000       -1.0000000000000000        1.7091378665413481E-005 
   333500.00000000000        7430500.0000000000       -1.0000000000000000        2.0787214279790068E-005 
   333500.00000000000        7431000.0000000000       -1.0000000000000000        2.0829209412741007E-005 
   333500.00000000000        7431500.0000000000       -1.0000000000000000        2.0822234117492670E-005 
   333500.00000000000        7432000.0000000000       -1.0000000000000000        2.0781911725574049E-005 
   333500.00000000000        7432500.0000000000       -1.0000000000000000        2.0689552452616102E-005 
   334000.00000000000        7430500.0000000000       -1.0000000000000000        2.4807840692636425E-005 
   334000.00000000000        7431000.0000000000       -1.0000000000000000        2.4837407152266356E-005 
   334000.00000000000        7431500.0000000000       -1.0000000000000000        2.4841727352702531E-005 
   334000.00000000000        7432000.0000000000       -1.0000000000000000        2.4800668466327010E-005 
   334000.00000000000        7432500.0000000000       -1.0000000000000000        2.4709413392901599E-005 
   334500.00000000000        7430500.0000000000       -1.0000000000000000        2.9213299887646365E-005 
   334500.00000000000        7431000.0000000000       -1.0000000000000000        2.9259321517318634E-005 
   334500.00000000000        7431500.0000000000       -1.0000000000000000        2.9271742636296389E-005 
   334500.00000000000        7432000.0000000000       -1.0000000000000000        2.9211564227818840E-005 
   334500.00000000000        7432500.0000000000       -1.0000000000000000        2.9126386455443295E-005 
   335000.00000000000        7430500.0000000000       -1.0000000000000000        3.3976653243961123E-005 
   335000.00000000000        7431000.0000000000       -1.0000000000000000        3.4015076419188244E-005 
   335000.00000000000        7431500.0000000000       -1.0000000000000000        3.4034025099279757E-005 
   335000.00000000000        7432000.0000000000       -1.0000000000000000        3.3973403834960665E-005 
   335000.00000000000        7432500.0000000000       -1.0000000000000000        3.3895752495301625E-005 
   335500.00000000000        7430500.0000000000       -1.0000000000000000        3.8942228081670061E-005 
   335500.00000000000        7431000.0000000000       -1.0000000000000000        3.8992479314048360E-005 
   335500.00000000000        7431500.0000000000       -1.0000000000000000        3.8996405744225196E-005 
   335500.00000000000        7432000.0000000000       -1.0000000000000000        3.8951173019947152E-005 
   335500.00000000000        7432500.0000000000       -1.0000000000000000        3.8859157216669989E-005 
   336000.00000000000        7430500.0000000000       -1.0000000000000000        4.3911833776504267E-005 
   336000.00000000000        7431000.0000000000       -1.0000000000000000        4.3955617951078256E-005 
   336000.00000000000        7431500.0000000000       -1.0000000000000000        4.3959472174489704E-005 
   336000.00000000000        7432000.0000000000       -1.0000000000000000        4.3911392735999619E-005 
   336000.00000000000        7432500.0000000000       -1.0000000000000000        4.3824130753536239E-005 
   336500.00000000000        7430500.0000000000       -1.0000000000000000        4.8601810476111887E-005 
   336500.00000000000        7431000.0000000000       -1.0000000000000000        4.8640267543824133E-005 
   336500.00000000000        7431500.0000000000       -1.0000000000000000        4.8637251734504663E-005 
   336500.00000000000        7432000.0000000000       -1.0000000000000000        4.8605032134101112E-005 
   336500.00000000000        7432500.0000000000       -1.0000000000000000        4.8512731199953679E-005 
   337000.00000000000        7430500.0000000000       -1.0000000000000000        5.2805187500298497E-005 
   337000.00000000000        7431000.0000000000       -1.0000000000000000        5.2848949684058945E-005 
   337000.00000000000        7431500.0000000000       -1.0000000000000000        5.2851582900864173E-005 
   337000.00000000000        7432000.0000000000       -1.0000000000000000        5.2808902781559368E-005 
   337000.00000000000        7432500.0000000000       -1.0000000000000000        5.2722300060260284E-005 
   337500.00000000000        7430500.0000000000       -1.0000000000000000        5.6380202638842825E-005 
   337500.00000000000        7431000.0000000000       -1.0000000000000000        5.6419655654850931E-005 
   337500.00000000000        7431500.0000000000       -1.0000000000000000        5.6423376889501126E-005 
   337500.00000000000        7432000.0000000000       -1.0000000000000000        5.6376975570084057E-005 
   337500.00000000000        7432500.0000000000       -1.0000000000000000        5.6284042977601599E-005 
   338000.00000000000        7430500.0000000000       -1.0000000000000000        5.9270409646991445E-005 
   338000.00000000000        7431000.0000000000       -1.0000000000000000        5.9301560522706843E-005 
   338000.00000000000        7431500.0000000000       -1.0000000000000000        5.9288882791755772E-005 
   338000.00000000000        7432000.0000000000       -1.0000000000000000        5.9244554918195302E-005 
   338000.00000000000        7432500.0000000000       -1.0000000000000000        5.9157595239770298E-005 
   338500.00000000000        7430500.0000000000       -1.0000000000000000        6.1417775002214705E-005 
   338500.00000000000        7431000.0000000000       -1.0000000000000000        6.1451561384523955E-005 
   338500.00000000000        7431500.0000000000       -1.0000000000000000        6.1439617500472297E-005 
   338500.00000000000        7432000.0000000000       -1.0000000000000000        6.1399347039979503E-005 
   338500.00000000000        7432500.0000000000       -1.0000000000000000        6.1305083533687275E-005 
   339000.00000000000        7430500.0000000000       -1.0000000000000000        6.2841197231040639E-005 
   339000.00000000000        7431000.0000000000       -1.0000000000000000        6.2869329910710645E-005 
   339000.00000000000        7431500.0000000000       -1.0000000000000000        6.2875901620582539E-005 
   339000.00000000000        7432000.0000000000       -1.0000000000000000        6.2828802490664729E-005 
   339000.00000000000        7432500.0000000000       -1.0000000000000000        6.2739168738689061E-005 
   339500.00000000000        7430500.0000000000       -1.0000000000000000        6.3543453770347250E-005 
   339500.00000000000        7431000.0000000000       -1.0000000000000000        6.3585819158108446E-005 
   339500.00000000000        7431500.0000000000       -1.0000000000000000        6.3578085167889377E-005 
   339500.00000000000        7432000.0000000000       -1.0000000000000000        6.3538658464923510E-005 
   339500.00000000000        7432500.0000000000       -1.0000000000000000        6.3446758835453609E-005 
   340000.00000000000        7430500.0000000000       -1.0000000000000000        6.3542134374609349E-005 
   340000.00000000000        7431000.0000000000       -1.0000000000000000        6.3596274877044566E-005 
   340000.00000000000        7431500.0000000000       -1.0000000000000000        6.3585883453199168E-005 
   340000.00000000000        7432000.0000000000       -1.0000000000000000        6.3538487747773960E-005 
   340000.00000000000        7432500.0000000000       -1.0000000000000000        6.3442966860282029E-005 
   340500.00000000000        7430500.0000000000       -1.0000000000000000        6.2837219174193275E-005 
   340500.00000000000        7431000.0000000000       -1.0000000000000000        6.2872908400842155E-005 
   340500.00000000000        7431500.0000000000       -1.0000000000000000        6.2870214903176580E-005 
   340500.00000000000        7432000.0000000000       -1.0000000000000000        6.2822671534201526E-005 
   340500.00000000000        7432500.0000000000       -1.0000000000000000        6.2733729437973955E-005 
   341000.00000000000        7430500.0000000000       -1.0000000000000000        6.1399300979189474E-005 
   341000.00000000000        7431000.0000000000       -1.0000000000000000        6.1446449378175168E-005 
   341000.00000000000        7431500.0000000000       -1.0000000000000000        6.1439611942382827E-005 
   341000.00000000000        7432000.0000000000       -1.0000000000000000        6.1391630306150991E-005 
   341000.00000000000        7432500.0000000000       -1.0000000000000000        6.1300280597327274E-005 
   341500.00000000000        7430500.0000000000       -1.0000000000000000        5.9257690595174869E-005 
   341500.00000000000        7431000.0000000000       -1.0000000000000000        5.9293758515097334E-005 
   341500.00000000000        7431500.0000000000       -1.0000000000000000        5.9297688458812303E-005 
   341500.00000000000        7432000.0000000000       -1.0000000000000000        5.9258691064140361E-005 
   341500.00000000000        7432500.0000000000       -1.0000000000000000        5.9161214981369585E-005 
   342000.00000000000        7430500.0000000000       -1.0000000000000000        5.6384031038956298E-005 
   342000.00000000000        7431000.0000000000       -1.0000000000000000        5.6408405785684737E-005 
   342000.00000000000        7431500.0000000000       -1.0000000000000000        5.6418230883020738E-005 
   342000.00000000000        7432000.0000000000       -1.0000000000000000        5.6389993971433994E-005 
   342000.00000000000        7432500.0000000000       -1.0000000000000000        5.6293059978273932E-005 
   342500.00000000000        7430500.0000000000       -1.0000000000000000        5.2803014577939627E-005 
   342500.00000000000        7431000.0000000000       -1.0000000000000000        5.2850291292890481E-005 
   342500.00000000000        7431500.0000000000       -1.0000000000000000        5.2853843780476320E-005 
   342500.00000000000        7432000.0000000000       -1.0000000000000000        5.2807497476895017E-005 
   342500.00000000000        7432500.0000000000       -1.0000000000000000        5.2709475025852515E-005 
   343000.00000000000        7430500.0000000000       -1.0000000000000000        4.8585621729999410E-005 
   343000.00000000000        7431000.0000000000       -1.0000000000000000        4.8630144837188752E-005 
   343000.00000000000        7431500.0000000000       -1.0000000000000000        4.8646749683920074E-005 
   343000.00000000000        7432000.0000000000       -1.0000000000000000        4.8602749111849937E-005 
   343000.00000000000        7432500.0000000000       -1.0000000000000000        4.8508336795611376E-005 
   343500.00000000000        7430500.0000000000       -1.0000000000000000        4.3911040312844365E-005 
   343500.00000000000        7431000.0000000000       -1.0000000000000000        4.3944188973825356E-005 
   343500.00000000000        7431500.0000000000       -1.0000000000000000        4.3958012165476791E-005 
   343500.00000000000        7432000.0000000000       -1.0000000000000000        4.3911670645012275E-005 
   343500.00000000000        7432500.0000000000       -1.0000000000000000        4.3824101880287490E-005 
   344000.00000000000        7430500.0000000000       -1.0000000000000000        3.8950759901016953E-005 
   344000.00000000000        7431000.0000000000       -1.0000000000000000        3.8992528132000455E-005 
   344000.00000000000        7431500.0000000000       -1.0000000000000000        3.9001107898530688E-005 
   344000.00000000000        7432000.0000000000       -1.0000000000000000        3.8963357322019473E-005 
   344000.00000000000        7432500.0000000000       -1.0000000000000000        3.8859959831641632E-005 
   344500.00000000000        7430500.0000000000       -1.0000000000000000        3.3993979701131843E-005 
   344500.00000000000        7431000.0000000000       -1.0000000000000000        3.4024349424300378E-005 
   344500.00000000000        7431500.0000000000       -1.0000000000000000        3.4033766205586903E-005 
   344500.00000000000        7432000.0000000000       -1.0000000000000000        3.3994794543663420E-005 
   344500.00000000000        7432500.0000000000       -1.0000000000000000        3.3900336094641298E-005 
   345000.00000000000        7430500.0000000000       -1.0000000000000000        2.9226290440690088E-005 
   345000.00000000000        7431000.0000000000       -1.0000000000000000        2.9268884903039060E-005 
   345000.00000000000        7431500.0000000000       -1.0000000000000000        2.9263489224650863E-005 
   345000.00000000000        7432000.0000000000       -1.0000000000000000        2.9220430139813099E-005 
   345000.00000000000        7432500.0000000000       -1.0000000000000000        2.9132718683104678E-005 
   345500.00000000000        7430500.0000000000       -1.0000000000000000        2.4803407653860957E-005 
   345500.00000000000        7431000.0000000000       -1.0000000000000000        2.4835443986555002E-005 
   345500.00000000000        7431500.0000000000       -1.0000000000000000        2.4847850421344857E-005 
   345500.00000000000        7432000.0000000000       -1.0000000000000000        2.4802020419831581E-005 
   345500.00000000000        7432500.0000000000       -1.0000000000000000        2.4714955129949362E-005 
   346000.00000000000        7430500.0000000000       -1.0000000000000000        2.0801483152883959E-005 
   346000.00000000000        7431000.0000000000       -1.0000000000000000        2.0829854302836135E-005 
   346000.00000000000        7431500.0000000000       -1.0000000000000000        2.0829936183232444E-005 
   346000.00000000000        7432000.0000000000       -1.0000000000000000        2.0790653145335542E-005 
   346000.00000000000        7432500.0000000000       -1.0000000000000000        2.0711971533084720E-005 
   346500.00000000000        7430500.0000000000       -1.0000000000000000        1.7192462771210608E-005 
   346500.00000000000        7431000.0000000000       -1.0000000000000000        1.7241625635238318E-005 
   346500.00000000000        7431500.0000000000       -1.0000000000000000        1.7234935319492753E-005 
   346500.00000000000        7432000.0000000000       -1.0000000000000000        1.7185456613616003E-005 
   346500.00000000000        7432500.0000000000       -1.0000000000000000        1.7097619601281993E-005 
   347000.00000000000        7430500.0000000000       -1.0000000000000000        1.3959446917655586E-005 
   347000.00000000000        7431000.0000000000       -1.0000000000000000        1.3993939465325032E-005 
   347000.00000000000        7431500.0000000000       -1.0000000000000000        1.4009637496638616E-005 
   347000.00000000000        7432000.0000000000       -1.0000000000000000        1.3974480708525515E-005 
   347000.00000000000        7432500.0000000000       -1.0000000000000000        1.3880524022697057E-005 
   347500.00000000000        7430500.0000000000       -1.0000000000000000        1.1078233470837286E-005 
   347500.00000000000        7431000.0000000000       -1.0000000000000000        1.1126098949058909E-005 
   347500.00000000000        7431500.0000000000       -1.0000000000000000        1.1137398314397780E-005 
   347500.00000000000        7432000.0000000000       -1.0000000000000000        1.1076163693448784E-005 
   347500.00000000000        7432500.0000000000       -1.0000000000000000        1.1003443691788472E-005 
   348000.00000000000        7430500.0000000000       -1.0000000000000000        8.4973550430903969E-006 
   348000.00000000000        7431000.0000000000       -1.0000000000000000        8.5281146701136928E-006 
   348000.00000000000        7431500.0000000000       -1.0000000000000000        8.5443266256907461E-006 
   348000.00000000000        7432000.0000000000       -1.0000000000000000        8.5123087131653988E-006 
   348000.00000000000        7432500.0000000000       -1.0000000000000000        8.4287154757715731E-006 
   348500.00000000000        7430500.0000000000       -1.0000000000000000        6.1911092317638340E-006 
   348500.00000000000        7431000.0000000000       -1.0000000000000000        6.2230028225721435E-006 
   348500.00000000000        7431500.0000000000       -1.0000000000000000        6.2407107730770269E-006 
   348500.00000000000        7432000.0000000000       -1.0000000000000000        6.1877876999454182E-006 
   348500.00000000000        7432500.0000000000       -1.0000000000000000        6.1243157780071882E-006 
   349000.00000000000        7430500.0000000000       -1.0000000000000000        4.0980294137312709E-006 
   349000.00000000000        7431000.0000000000       -1.0000000000000000        4.1425871011152300E-006 
   349000.00000000000        7431500.0000000000       -1.0000000000000000        4.1350543695687026E-006 
   349000.00000000000        7432000.0000000000       -1.0000000000000000        4.1096334698794681E-006 
   349000.00000000000        7432500.0000000000       -1.0000000000000000        4.0315629083705941E-006 
   349500.00000000000        7430500.0000000000       -1.0000000000000000        2.2118557088105959E-006 
   349500.00000000000        7431000.0000000000       -1.0000000000000000        2.2582362747502983E-006 
   349500.00000000000        7431500.0000000000       -1.0000000000000000        2.2565830682062522E-006 
   349500.00000000000        7432000.0000000000       -1.0000000000000000        2.2145865425689525E-006 
   349500.00000000000        7432500.0000000000       -1.0000000000000000        2.1340250661197293E-006 
   350000.00000000000        7430500.0000000000       -1.0000000000000000        4.9354789222354396E-007 
   350000.00000000000        7431000.0000000000       -1.0000000000000000        5.4512670747514872E-007 
   350000.00000000000        7431500.0000000000       -1.0000000000000000        5.4345956710698316E-007 
   350000.00000000000        7432000.0000000000       -1.0000000000000000        5.0156945054689818E-007 
   350000.00000000000        7432500.0000000000       -1.0000000000000000        4.2097460671016796E-007 

